-182
378
856
-32
122
-193
-117
-142
-378
-925
1000
-340
296
787
-581
-850
-793
557
227
358
-255
-483
893
-800
-204
-182
-506
-113
-686
623
114
32
-645
-718
250
609
-251
-770
-419
-216
-287
-816
-960
-264
-843
-910
885
586
-2
332
-772
-175
-987
846
-425
-233
455
895
607
238
-723
-604
-798
-813
-399
-179
-266
898
970
-182
997
167
418
-28
-740
-528
-302
568
-116
-414
-32
34
-734
502
-864
-542
-432
44
665
706
192
519
-354
-469
-557
-820
459
-511
941
-499
672
531
-63
785
-322
750
-486
725
682
-362
-257
258
906
-43
829
-627
495
599
-987
-253
-629
212
406
-579
756
984
835
40
-388
619
-850
-942
383
-624
-673
657
82
-463
778
-182
-418
-1000
-869
-186
-399
-794
-851
917
-669
705
235
56
824
486
512
934
-223
-293
-50
598
469
-831
436
262
-976
62
-27
-451
-833
-337
-710
-47
373
-844
487
371
-256
-921
618
-461
58
-359
363
-284
-796
-712
83
-195
-364
-511
-886
-116
-883
553
-283
-519
-262
-936
-453
20
227
558
714
873
703
-935
-95
164
-247
534
673
-471
-502
-683
385
-245
768
-689
-528
73
209
-750
127
-291
645
-108
336
-910
-451
-482
-767
-852
846
686
978
433
862
194
-912
367
856
989
-315
541
-767
-306
-977
746
600
-330
363
-542
-586
266
-731
75
-254
376
-648
-259
-409
372
732
978
345
-666
709
-826
698
-864
-134
813
332
684
556
-109
73
-931
-621
387
-907
-514
297
-169
401
-264
-578
-695
397
223
440
-212
-70
-722
-59
711
-223
215
485
-872
505
385
-664
-352
944
342
307
-878
-654
830
608
-762
456
-452
-793
749
-481
-972
125
92
507
683
-435
-542
-764
-367
321
551
214
879
462
949
732
-200
-201
840
619
850
-588
-209
-234
605
795
558
-544
-329
-90
709
-520
-713
-430
963
765
-740
107
-155
-728
-728
-879
906
-844
954
-662
324
352
-732
284
477
661
-698
-888
821
-914
-659
-522
-18
-124
-272
-270
685
199
708
-715
971
-978
841
717
959
654
-636
-292
-541
-997
691
-595
463
76
-323
-718
242
-266
-674
-816
871
-344
806
-94
497
783
708
-658
-288
-45
694
55
49
547
409
-89
-69
-233
-397
-183
-675
-278
595
671
-496
-689
-943
-664
-516
-914
470
-175
743
-768
-307
699
243
623
-582
757
-196
-951
-930
868
702
943
-385
-813
68
505
-583
-474
-613
-171
696
-753
-123
489
-307
522
337
-955
-817
570
-463
-406
-240
73
798
811
114
902
-994
926
-148
995
106
938
-445
602
655
-124
-89
-211
896
605
599
-983
-96
26
-450
-547
-993
-158
748
-541
-410
920
-974
-543
171
-213
-386
-837
123
-135
-505
0
813
723
525
-307
869
-611
-436
-33
727
-771
982
-716
-791
-1
-984
605
822
-766
-817
-401
15
-99
912
303
367
745
-653
-449
-419
952
706
588
-787
-254
-129
741
-357
550
-718
972
329
-35
27
345
-342
513
289
706
-813
-829
336
957
-389
-647
775
885
-743
-621
-903
-239
870
-25
293
-818
-59
-662
229
-596
674
-715
405
746
-425
588
-533
-709
411
470
9
-95
456
-609
-616
410
863
441
12
-550
-943
-929
-233
-808
568
-81
505
97
-9
-995
233
-443
225
624
-184
782
482
-853
772
111
-566
-795
-442
62
840
300
532
-668
-673
604
-473
-282
452
452
846
-803
-812
-491
-126
749
-467
-431
-921
780
805
-92
-643
939
759
812
648
-278
-207
556
-363
26
733
-969
-153
872
-831
372
-852
210
315
-564
-826
-631
749
-499
-525
-477
437
-207
984
-45
58
331
979
-148
-484
329
-422
-297
-136
631
-47
418
573
-999
-358
-109
-810
-950
-722
-627
-868
-310
-944
254
-75
546
139
715
-112
641
-355
-10
717
968
528
-335
394
-962
130
356
845
-985
-955
-814
-283
519
241
752
44
738
-929
-49
-55
-684
-646
-502
-476
761
598
-896
-194
641
395
-624
417
97
537
-778
960
447
855
41
801
-116
923
90
-268
-572
-298
205
-970
-408
-908
305
-410
-833
-409
-792
-67
-826
896
-361
-444
25
149
-162
-328
-380
525
-331
-99
-529
466
125
-955
919
-747
-839
489
-920
905
-168
516
857
505
-141
811
-438
376
-962
644
-462
-68
372
-581
878
594
693
-624
-664
-832
-811
438
154
-865
575
71
889
-214
249
-84
161
-536
-140
154
-598
914
-931
659
901
96
-905
-493
-706
212
792
606
-219
556
-867
-799
185
543
-154
-67
-738
-473
107
-715
136
719
46
-487
250
539
626
-902
-196
-254
-520
-560
555
342
-733
841
69
-752
-355
185
-430
-898
79
145
932
261
920
-542
420
432
665
16
-785
-389
664
-772
440
-770
574
765
-331
979
-275
-957
665
-596
-367
-613
-729
-740
861
-642
249
688
764
-966
-247
145
-860
612
121
929
956
26
941
768
191
-671
-180
-778
-366
484
-405
-600
350
-239
984
-494
-284
-413
-7
-574
-796
418
-474
-689
963
-627
725
-865
300
276
-822
269
12
-564
401
651
648
303
145
-974
-695
-854
62
-838
65
695
632
-49
-617
-587
-912
810
513
435
-802
455
151
-758
763
117
-744
554
725
644
496
202
820
-754
-774
728
732
908
912
-658
-135
-252
112
808
303
-457
800
118
-88
-787
-946
853
-283
-355
934
-905
-976
658
-493
985
